=== Concert Analysis Summary ===
Mode: batch_of_batches

=== Infections at Concert — Distribution by Day ===
Day   | Mean     | Std      | CV%      | Min    | P25    | Median   | P75    | P90    | P95    | Max
-----------------------------------------------------------------------------------------------
1     | 0.0      | 0.1      | 10.0     | 0.0    | 0.0    | 0.0      | 0.0    | 0.0    | 0.0    | 1.0
2     | 0.0      | 0.2      | 20.0     | 0.0    | 0.0    | 0.0      | 0.0    | 0.0    | 0.0    | 2.0
3     | 0.1      | 0.6      | 64.4     | 0.0    | 0.0    | 0.0      | 0.0    | 0.0    | 0.0    | 6.0
4     | 0.0      | 0.3      | 26.1     | 0.0    | 0.0    | 0.0      | 0.0    | 0.0    | 0.0    | 2.0
5     | 0.3      | 1.2      | 120.8    | 0.0    | 0.0    | 0.0      | 0.0    | 0.0    | 3.0    | 7.0
6     | 0.5      | 1.5      | 154.0    | 0.0    | 0.0    | 0.0      | 0.0    | 2.0    | 4.0    | 8.0
7     | 0.3      | 1.2      | 119.0    | 0.0    | 0.0    | 0.0      | 0.0    | 0.0    | 3.0    | 7.0
8     | 0.4      | 1.5      | 146.6    | 0.0    | 0.0    | 0.0      | 0.0    | 2.0    | 3.0    | 8.0
9     | 0.5      | 1.5      | 150.7    | 0.0    | 0.0    | 0.0      | 0.0    | 2.1    | 4.0    | 8.0
10    | 0.6      | 1.5      | 145.2    | 0.0    | 0.0    | 0.0      | 0.0    | 2.0    | 4.0    | 8.0
11    | 0.7      | 1.8      | 175.2    | 0.0    | 0.0    | 0.0      | 0.0    | 3.0    | 4.0    | 10.0
12    | 1.0      | 2.4      | 238.5    | 0.0    | 0.0    | 0.0      | 0.0    | 4.0    | 6.0    | 12.0
13    | 1.1      | 2.1      | 187.3    | 0.0    | 0.0    | 0.0      | 2.0    | 5.0    | 6.0    | 9.0
14    | 1.3      | 2.2      | 166.7    | 0.0    | 0.0    | 0.0      | 2.0    | 4.1    | 6.0    | 10.0
15    | 1.7      | 2.4      | 140.9    | 0.0    | 0.0    | 0.0      | 3.0    | 5.0    | 6.0    | 11.0
16    | 1.7      | 2.7      | 161.2    | 0.0    | 0.0    | 0.0      | 3.0    | 5.1    | 7.0    | 13.0
17    | 2.4      | 3.4      | 140.0    | 0.0    | 0.0    | 1.0      | 3.0    | 7.0    | 9.0    | 19.0
18    | 3.1      | 3.7      | 119.9    | 0.0    | 0.0    | 2.0      | 5.0    | 8.0    | 10.0   | 20.0
19    | 3.6      | 4.2      | 117.0    | 0.0    | 0.0    | 3.0      | 5.0    | 9.1    | 12.0   | 23.0
20    | 4.1      | 4.1      | 101.6    | 0.0    | 0.0    | 3.0      | 7.0    | 9.1    | 12.0   | 20.0
21    | 5.6      | 4.9      | 88.4     | 0.0    | 2.0    | 5.0      | 8.0    | 12.0   | 15.0   | 24.0
22    | 6.6      | 5.0      | 76.4     | 0.0    | 2.8    | 6.0      | 10.0   | 13.0   | 15.0   | 27.0
23    | 8.7      | 6.2      | 71.4     | 0.0    | 3.0    | 8.0      | 12.2   | 16.0   | 20.0   | 28.0
24    | 8.9      | 6.8      | 76.2     | 0.0    | 4.0    | 8.0      | 13.0   | 19.0   | 20.0   | 31.0
25    | 13.8     | 8.0      | 58.2     | 0.0    | 8.0    | 12.0     | 18.2   | 24.2   | 30.0   | 37.0
26    | 15.1     | 11.0     | 72.6     | 0.0    | 6.0    | 13.5     | 22.0   | 32.1   | 34.1   | 45.0
27    | 18.3     | 11.3     | 61.5     | 2.0    | 9.0    | 17.0     | 26.0   | 33.2   | 35.0   | 56.0
28    | 20.8     | 12.9     | 62.2     | 0.0    | 10.0   | 20.0     | 28.0   | 40.1   | 44.2   | 53.0
29    | 25.3     | 13.3     | 52.6     | 3.0    | 14.8   | 24.0     | 34.2   | 45.0   | 48.0   | 62.0
30    | 32.1     | 14.9     | 46.4     | 2.0    | 22.0   | 29.5     | 42.0   | 52.2   | 58.0   | 82.0
31    | 37.6     | 17.5     | 46.5     | 4.0    | 24.8   | 38.0     | 50.0   | 59.1   | 65.0   | 94.0
32    | 44.6     | 21.0     | 47.1     | 3.0    | 30.8   | 42.5     | 60.2   | 71.1   | 81.2   | 103.0
33    | 53.4     | 26.3     | 49.3     | 3.0    | 36.0   | 51.5     | 69.2   | 81.8   | 100.0  | 144.0
34    | 62.4     | 24.2     | 38.9     | 8.0    | 46.0   | 60.0     | 78.0   | 96.1   | 107.4  | 129.0
35    | 69.4     | 27.9     | 40.2     | 14.0   | 45.8   | 68.5     | 87.0   | 106.0  | 116.2  | 162.0
36    | 84.2     | 28.9     | 34.4     | 17.0   | 70.8   | 88.0     | 103.0  | 115.2  | 131.0  | 142.0
37    | 100.8    | 38.4     | 38.1     | 4.0    | 73.2   | 101.5    | 126.2  | 153.2  | 159.2  | 181.0
38    | 107.6    | 30.8     | 28.6     | 55.0   | 83.0   | 104.0    | 128.2  | 150.2  | 162.2  | 190.0
39    | 125.2    | 31.7     | 25.3     | 33.0   | 111.0  | 124.0    | 145.2  | 168.0  | 170.1  | 198.0
40    | 132.7    | 34.4     | 25.9     | 32.0   | 109.5  | 135.5    | 156.2  | 176.1  | 180.4  | 207.0
41    | 148.1    | 32.0     | 21.6     | 34.0   | 131.5  | 156.0    | 169.0  | 178.2  | 191.0  | 212.0
42    | 166.3    | 29.4     | 17.7     | 58.0   | 153.8  | 172.5    | 183.0  | 197.0  | 203.2  | 230.0
43    | 168.2    | 30.2     | 18.0     | 25.0   | 155.8  | 171.0    | 186.0  | 200.1  | 205.0  | 226.0
44    | 176.2    | 23.7     | 13.4     | 62.0   | 164.0  | 178.0    | 190.0  | 200.1  | 205.1  | 230.0
45    | 178.6    | 24.5     | 13.7     | 61.0   | 170.0  | 181.5    | 193.0  | 203.1  | 207.2  | 222.0
46    | 177.9    | 22.3     | 12.5     | 95.0   | 168.5  | 183.0    | 192.0  | 200.0  | 206.0  | 214.0
47    | 177.7    | 19.5     | 10.9     | 117.0  | 166.0  | 178.0    | 192.2  | 198.3  | 207.0  | 214.0
48    | 166.3    | 23.3     | 14.0     | 112.0  | 146.8  | 168.0    | 181.2  | 194.0  | 204.1  | 219.0
49    | 158.3    | 32.0     | 20.2     | 75.0   | 133.0  | 164.5    | 183.0  | 200.0  | 203.0  | 220.0
50    | 145.2    | 30.8     | 21.2     | 53.0   | 123.8  | 139.0    | 170.0  | 190.1  | 197.0  | 212.0
51    | 134.5    | 32.3     | 24.0     | 61.0   | 112.2  | 133.5    | 155.2  | 180.4  | 193.1  | 210.0
52    | 115.3    | 30.7     | 26.6     | 58.0   | 93.8   | 112.5    | 137.0  | 155.0  | 165.0  | 210.0
53    | 107.9    | 32.6     | 30.2     | 48.0   | 83.8   | 105.0    | 125.0  | 153.5  | 167.0  | 204.0
54    | 96.0     | 30.1     | 31.4     | 41.0   | 76.8   | 92.5     | 112.0  | 136.1  | 153.4  | 186.0
55    | 85.8     | 30.2     | 35.2     | 36.0   | 60.0   | 86.5     | 106.5  | 122.4  | 137.1  | 176.0
56    | 73.6     | 26.2     | 35.6     | 32.0   | 54.8   | 68.5     | 90.0   | 109.2  | 120.2  | 148.0
57    | 60.6     | 26.4     | 43.6     | 20.0   | 42.0   | 56.0     | 72.2   | 91.3   | 120.4  | 152.0
58    | 49.8     | 22.2     | 44.5     | 18.0   | 35.0   | 45.0     | 60.0   | 77.1   | 97.0   | 121.0
59    | 44.9     | 24.8     | 55.3     | 15.0   | 29.0   | 39.5     | 50.0   | 75.1   | 83.4   | 138.0
60    | 37.9     | 21.5     | 56.8     | 7.0    | 25.8   | 33.0     | 46.0   | 59.2   | 68.0   | 179.0
61    | 34.8     | 23.3     | 67.0     | 5.0    | 23.0   | 28.5     | 40.2   | 55.0   | 69.5   | 177.0
62    | 24.2     | 11.9     | 49.0     | 7.0    | 16.0   | 22.0     | 28.0   | 37.0   | 44.1   | 87.0
63    | 20.4     | 11.1     | 54.5     | 4.0    | 13.0   | 18.0     | 24.2   | 31.1   | 40.1   | 73.0
64    | 19.8     | 15.3     | 77.3     | 5.0    | 12.0   | 18.0     | 24.0   | 30.1   | 34.0   | 146.0
65    | 12.6     | 5.7      | 45.3     | 2.0    | 9.0    | 12.0     | 16.2   | 20.0   | 22.0   | 37.0
66    | 13.0     | 6.5      | 50.0     | 1.0    | 9.0    | 12.5     | 16.0   | 19.1   | 24.0   | 43.0
67    | 10.8     | 6.1      | 56.1     | 2.0    | 7.8    | 9.5      | 13.0   | 17.0   | 20.1   | 37.0
68    | 9.0      | 5.3      | 59.4     | 1.0    | 5.0    | 8.0      | 11.0   | 15.0   | 19.0   | 32.0
69    | 7.8      | 5.4      | 69.8     | 1.0    | 4.8    | 7.0      | 9.0    | 13.0   | 15.0   | 38.0
70    | 6.6      | 3.7      | 56.0     | 0.0    | 4.0    | 6.0      | 8.2    | 12.0   | 14.0   | 18.0
71    | 5.9      | 4.2      | 70.8     | 0.0    | 4.0    | 5.0      | 7.0    | 9.0    | 11.1   | 31.0
72    | 5.0      | 2.6      | 51.7     | 0.0    | 3.0    | 5.0      | 6.0    | 8.0    | 10.0   | 15.0
73    | 4.0      | 3.3      | 82.3     | 0.0    | 2.0    | 3.0      | 5.2    | 8.0    | 8.0    | 27.0
74    | 3.8      | 2.7      | 70.9     | 0.0    | 2.0    | 3.0      | 5.0    | 7.0    | 7.0    | 20.0
75    | 3.5      | 2.2      | 61.5     | 0.0    | 2.0    | 3.0      | 5.0    | 6.0    | 7.0    | 10.0
76    | 3.6      | 2.5      | 69.0     | 0.0    | 2.0    | 3.0      | 5.0    | 7.0    | 8.0    | 11.0
77    | 3.1      | 2.2      | 70.7     | 0.0    | 2.0    | 3.0      | 4.0    | 6.0    | 7.0    | 13.0
78    | 2.7      | 1.9      | 69.1     | 0.0    | 1.0    | 2.0      | 4.0    | 5.0    | 6.0    | 10.0
79    | 2.2      | 1.7      | 75.6     | 0.0    | 1.0    | 2.0      | 3.0    | 5.0    | 5.0    | 9.0
80    | 2.2      | 1.8      | 81.8     | 0.0    | 1.0    | 2.0      | 3.0    | 5.0    | 5.0    | 8.0
81    | 2.2      | 1.7      | 76.2     | 0.0    | 1.0    | 2.0      | 3.0    | 5.0    | 5.0    | 8.0
82    | 1.8      | 1.6      | 90.3     | 0.0    | 1.0    | 1.0      | 3.0    | 4.0    | 5.0    | 7.0
83    | 1.6      | 1.3      | 76.3     | 0.0    | 1.0    | 2.0      | 2.0    | 3.0    | 4.0    | 5.0
84    | 1.5      | 1.3      | 82.3     | 0.0    | 1.0    | 1.0      | 2.0    | 3.0    | 4.0    | 5.0
85    | 1.6      | 1.3      | 82.5     | 0.0    | 1.0    | 1.0      | 2.0    | 3.0    | 4.0    | 7.0
86    | 1.1      | 1.1      | 98.5     | 0.0    | 0.0    | 1.0      | 2.0    | 2.0    | 3.0    | 6.0
87    | 1.3      | 1.2      | 96.2     | 0.0    | 0.0    | 1.0      | 2.0    | 3.0    | 3.0    | 6.0
88    | 1.1      | 1.0      | 93.1     | 0.0    | 0.0    | 1.0      | 2.0    | 2.0    | 3.0    | 5.0
89    | 1.1      | 1.0      | 89.5     | 0.0    | 0.0    | 1.0      | 2.0    | 2.0    | 3.0    | 5.0
90    | 0.8      | 1.1      | 106.1    | 0.0    | 0.0    | 0.5      | 1.0    | 2.0    | 3.0    | 4.0
91    | 0.6      | 0.8      | 75.7     | 0.0    | 0.0    | 0.0      | 1.0    | 2.0    | 2.0    | 3.0
92    | 0.8      | 0.8      | 84.2     | 0.0    | 0.0    | 1.0      | 1.0    | 2.0    | 2.0    | 3.0
93    | 0.6      | 0.8      | 82.5     | 0.0    | 0.0    | 0.0      | 1.0    | 2.0    | 2.0    | 3.0
94    | 0.5      | 0.7      | 71.8     | 0.0    | 0.0    | 0.0      | 1.0    | 2.0    | 2.0    | 3.0
95    | 0.5      | 0.8      | 75.8     | 0.0    | 0.0    | 0.0      | 1.0    | 1.0    | 2.0    | 4.0
96    | 0.3      | 0.6      | 57.0     | 0.0    | 0.0    | 0.0      | 1.0    | 1.0    | 1.0    | 2.0
97    | 0.4      | 0.7      | 72.8     | 0.0    | 0.0    | 0.0      | 1.0    | 1.0    | 2.0    | 4.0
98    | 0.3      | 0.6      | 57.7     | 0.0    | 0.0    | 0.0      | 0.2    | 1.0    | 1.0    | 3.0
99    | 0.2      | 0.5      | 47.9     | 0.0    | 0.0    | 0.0      | 0.0    | 1.0    | 1.0    | 2.0
100   | 0.4      | 0.7      | 67.7     | 0.0    | 0.0    | 0.0      | 1.0    | 1.0    | 2.0    | 3.0

=== Concert Population Metrics by Day (mean ± std across 100 runs) ===
Day   | Inf at concert   | Susceptible CG   | Infectious CG    | Infectious pop
---------------------------------------------------------------------------
1     | 0.0±0.1          | 1158.8±0.4       | 0.0±0.1          | 1.2±1.1
2     | 0.0±0.2          | 1158.9±0.4       | 0.0±0.1          | 5.2±2.1
3     | 0.1±0.6          | 1158.8±0.5       | 0.0±0.2          | 12.6±3.2
4     | 0.0±0.3          | 1158.8±0.4       | 0.0±0.2          | 21.5±4.2
5     | 0.3±1.2          | 1158.8±0.4       | 0.1±0.3          | 32.2±8.5
6     | 0.5±1.5          | 1158.5±0.6       | 0.2±0.4          | 38.6±9.0
7     | 0.3±1.2          | 1158.6±0.7       | 0.1±0.4          | 47.2±13.1
8     | 0.4±1.5          | 1158.4±0.7       | 0.1±0.3          | 57.7±17.7
9     | 0.5±1.5          | 1158.3±0.9       | 0.2±0.5          | 69.7±28.4
10    | 0.6±1.5          | 1158.2±0.9       | 0.3±0.5          | 87.1±27.4
11    | 0.7±1.8          | 1157.8±1.2       | 0.3±0.5          | 106.0±35.9
12    | 1.0±2.4          | 1157.9±1.1       | 0.3±0.6          | 130.1±48.0
13    | 1.1±2.1          | 1157.4±1.2       | 0.4±0.6          | 160.0±57.9
14    | 1.3±2.2          | 1156.9±1.8       | 0.6±0.9          | 202.4±72.1
15    | 1.7±2.4          | 1156.2±1.9       | 0.7±0.8          | 239.8±88.5
16    | 1.7±2.7          | 1156.4±2.0       | 0.7±0.9          | 291.9±122.5
17    | 2.4±3.4          | 1154.8±2.7       | 1.1±1.1          | 382.1±137.0
18    | 3.1±3.7          | 1154.0±2.9       | 1.4±1.4          | 466.0±209.5
19    | 3.6±4.2          | 1153.3±3.7       | 1.5±1.5          | 569.6±241.5
20    | 4.1±4.1          | 1151.4±4.1       | 1.9±1.7          | 696.3±296.2
21    | 5.6±4.9          | 1149.4±4.4       | 2.6±1.9          | 851.4±305.9
22    | 6.6±5.0          | 1148.0±5.5       | 2.9±2.0          | 1053.7±420.9
23    | 8.7±6.2          | 1145.2±5.7       | 3.6±2.1          | 1294.2±461.1
24    | 8.9±6.8          | 1144.1±7.2       | 3.7±2.5          | 1403.2±589.5
25    | 13.8±8.0         | 1137.6±9.2       | 6.0±3.2          | 1912.4±801.3
26    | 15.1±11.0        | 1134.4±13.1      | 6.5±4.2          | 2314.5±1134.3
27    | 18.3±11.3        | 1128.1±13.8      | 8.3±4.6          | 2853.4±1136.2
28    | 20.8±12.9        | 1123.1±15.2      | 9.4±5.4          | 3343.9±1325.4
29    | 25.3±13.3        | 1117.6±18.1      | 11.2±5.6         | 3887.2±1626.6
30    | 32.1±14.9        | 1104.7±22.6      | 14.5±6.9         | 5081.7±2044.5
31    | 37.6±17.5        | 1096.3±25.3      | 16.7±7.4         | 6054.1±2486.4
32    | 44.6±21.0        | 1082.6±29.4      | 21.0±9.4         | 7263.6±2661.1
33    | 53.4±26.3        | 1067.0±41.2      | 25.3±13.0        | 8964.5±3993.5
34    | 62.4±24.2        | 1048.7±37.6      | 31.0±12.4        | 10530.5±3773.7
35    | 69.4±27.9        | 1035.1±49.7      | 34.4±15.7        | 12125.9±5082.5
36    | 84.2±28.9        | 1001.2±56.2      | 43.6±16.7        | 15541.3±5781.6
37    | 100.8±38.4       | 967.9±72.9       | 54.2±23.4        | 19397.7±7952.8
38    | 107.6±30.8       | 953.8±69.2       | 59.2±22.0        | 20889.8±7746.3
39    | 125.2±31.7       | 903.0±68.4       | 74.8±22.9        | 26550.3±7660.1
40    | 132.7±34.4       | 880.4±88.0       | 81.9±30.1        | 29339.7±10122.0
41    | 148.1±32.0       | 822.4±104.2      | 100.7±33.8       | 36274.3±12346.7
42    | 166.3±29.4       | 764.4±103.9      | 122.3±36.7       | 43360.3±12968.0
43    | 168.2±30.2       | 721.4±117.3      | 135.2±42.6       | 48915.4±14627.8
44    | 176.2±23.7       | 662.4±118.5      | 158.6±44.6       | 56910.9±15837.1
45    | 178.6±24.5       | 607.3±136.2      | 178.8±51.0       | 64305.4±18320.5
46    | 177.9±22.3       | 553.6±130.4      | 199.1±51.0       | 71512.0±17912.8
47    | 177.7±19.5       | 509.3±122.2      | 216.9±47.7       | 78375.1±17348.8
48    | 166.3±23.3       | 457.4±139.3      | 234.2±53.3       | 85954.0±19588.8
49    | 158.3±32.0       | 398.9±121.3      | 255.8±44.2       | 93809.2±16819.1
50    | 145.2±30.8       | 347.7±101.9      | 272.7±34.5       | 100951.8±13660.5
51    | 134.5±32.3       | 315.1±103.8      | 279.0±35.0       | 104548.2±13434.0
52    | 115.3±30.7       | 264.2±84.3       | 290.9±24.7       | 110084.5±8921.9
53    | 107.9±32.6       | 243.4±88.3       | 292.5±26.6       | 110601.9±9495.4
54    | 96.0±30.1        | 216.0±65.5       | 287.6±23.6       | 111702.1±5917.8
55    | 85.8±30.2        | 197.0±62.6       | 282.6±32.1       | 110761.5±7027.1
56    | 73.6±26.2        | 173.6±49.7       | 274.0±27.8       | 109469.3±6240.3
57    | 60.6±26.4        | 151.3±44.6       | 256.2±36.1       | 104499.5±9061.9
58    | 49.8±22.2        | 135.6±36.3       | 231.3±43.0       | 99112.6±10580.4
59    | 44.9±24.8        | 128.6±41.1       | 220.0±44.8       | 94973.0±11642.5
60    | 37.9±21.5        | 117.4±47.4       | 200.6±46.5       | 89213.4±12908.0
61    | 34.8±23.3        | 115.8±49.5       | 186.0±44.3       | 85301.6±13038.2
62    | 24.2±11.9        | 97.6±15.9        | 158.7±39.9       | 76824.9±11461.8
63    | 20.4±11.1        | 95.2±16.6        | 143.2±42.8       | 72269.7±12300.7
64    | 19.8±15.3        | 93.8±29.6        | 134.5±36.7       | 68335.0±10912.7
65    | 12.6±5.7         | 86.5±9.6         | 111.1±26.0       | 61431.0±8527.3
66    | 13.0±6.5         | 85.5±9.4         | 106.2±29.4       | 59174.6±9137.7
67    | 10.8±6.1         | 84.1±10.3        | 93.8±30.6        | 55023.3±10221.2
68    | 9.0±5.3          | 81.8±9.9         | 83.2±24.1        | 51185.2±8560.2
69    | 7.8±5.4          | 79.4±9.0         | 77.0±24.1        | 48342.3±8587.6
70    | 6.6±3.7          | 77.6±8.1         | 70.3±20.6        | 45311.2±6653.2
71    | 5.9±4.2          | 76.5±7.9         | 65.3±19.0        | 43724.2±7003.2
72    | 5.0±2.6          | 76.2±8.0         | 57.3±13.3        | 40190.2±5724.2
73    | 4.0±3.3          | 74.1±7.9         | 52.8±14.9        | 38207.4±6131.2
74    | 3.8±2.7          | 72.0±7.9         | 50.3±14.0        | 36695.3±5576.0
75    | 3.5±2.2          | 72.4±7.9         | 44.2±11.1        | 33586.4±5433.5
76    | 3.6±2.5          | 72.5±7.8         | 42.2±12.3        | 31918.9±5047.2
77    | 3.1±2.2          | 70.6±7.4         | 38.0±9.4         | 29634.6±4933.8
78    | 2.7±1.9          | 71.2±7.4         | 36.1±9.5         | 28471.3±4855.5
79    | 2.2±1.7          | 69.9±7.4         | 31.8±9.8         | 26207.9±5187.4
80    | 2.2±1.8          | 69.5±7.1         | 30.2±7.2         | 23979.8±3815.5
81    | 2.2±1.7          | 68.7±8.0         | 27.5±8.5         | 22858.6±4152.6
82    | 1.8±1.6          | 70.3±7.6         | 25.0±8.0         | 20533.2±4402.1
83    | 1.6±1.3          | 69.2±7.1         | 22.3±7.1         | 18855.4±3777.8
84    | 1.5±1.3          | 68.3±7.4         | 20.0±7.1         | 17291.0±3896.8
85    | 1.6±1.3          | 67.2±6.9         | 18.6±5.7         | 15661.6±2875.3
86    | 1.1±1.1          | 68.6±6.2         | 16.0±5.4         | 13715.4±2769.9
87    | 1.3±1.2          | 68.0±7.2         | 14.1±6.5         | 12762.5±3541.3
88    | 1.1±1.0          | 68.2±7.2         | 12.8±5.6         | 11791.8±3443.1
89    | 1.1±1.0          | 68.1±7.4         | 11.7±4.7         | 10406.1±2516.1
90    | 0.8±1.1          | 68.2±6.6         | 9.8±4.8          | 9299.7±2858.3
91    | 0.6±0.8          | 65.6±7.2         | 8.9±4.3          | 8142.1±2251.6
92    | 0.8±0.8          | 65.0±6.6         | 8.2±3.1          | 7660.9±1631.6
93    | 0.6±0.8          | 65.3±6.6         | 7.0±3.2          | 6662.2±1993.3
94    | 0.5±0.7          | 65.4±6.8         | 6.5±3.2          | 5776.3±1560.4
95    | 0.5±0.8          | 65.6±7.7         | 5.5±2.6          | 4951.4±1250.0
96    | 0.3±0.6          | 65.5±7.7         | 5.1±2.8          | 4607.8±1533.0
97    | 0.4±0.7          | 65.1±6.9         | 4.5±2.6          | 4109.2±1639.9
98    | 0.3±0.6          | 67.4±7.0         | 3.9±2.6          | 3816.9±1516.4
99    | 0.2±0.5          | 64.5±6.7         | 3.4±2.4          | 3168.4±1006.2
100   | 0.4±0.7          | 65.5±6.6         | 3.0±1.8          | 2545.2±533.2
